  1: {
    grid: [
      [ 2, 20, 17, 16, 0, 18, 25, 12, 0, 21, 20, 21, 16 ],
      [ 6, 4, 26, 4, 0, 16, 6, 25, 0, 22, 6, 8, 19 ],
      [ 24, 16, 4, 11, 0, 4, 9, 5, 0, 16, 22, 2, 26 ],
      [ 24, 22, 26, 26, 24, 10, 0, 17, 21, 8, 19, 8, 2 ],
      [ 0, 0, 0, 21, 26, 26, 0, 17, 20, 22, 0, 0, 0 ],
      [ 18, 16, 19, 11, 25, 6, 0, 4, 25, 20, 24, 16, 22 ],
      [ 8, 11, 26, 0, 0, 0, 0, 0, 0, 0, 26, 1, 26 ],
      [ 16, 9, 8, 18, 21, 20, 0, 23, 16, 4, 8, 10, 16 ],
      [ 0, 0, 0, 14, 8, 19, 0, 6, 7, 16, 0, 0, 0 ],
      [ 13, 20, 11, 20, 2, 26, 0, 8, 12, 19, 20, 22, 26 ],
      [ 6, 14, 20, 19, 0, 25, 11, 17, 0, 10, 5, 16, 10 ],
      [ 21, 26, 19, 10, 0, 20, 4, 26, 0, 5, 26, 22, 10 ],
      [ 16, 19, 12, 20, 0, 1, 8, 3, 0, 15, 22, 16, 5 ],
    ],

    solution: {
      1:"W",
      2:"T",
      3:"Z",
      4:"S",
      5:"Y",
      6:"U",
      7:"V",
      8:"I",
      9:"K",
      10:"D",
      11:"C",
      12:"G",
      13:"J",
      14:"P",
      15:"X",
      16:"A",
      17:"L",
      18:"M",
      19:"N",
      20:"O",
      21:"B",
      22:"R",
      23:"Q",
      24:"F",
      25:"H",
      26:"E",
    },

    hints: [
      { number: 5, letter: "Q" },
      { number: 23, letter: "Z" },
    ]
  },
